40 16 51 23
105 23 32 16
152 17 68 23
234 24 16 22
264 17 72 22
352 16 112 24
479 23 52 16
546 17 104 23
666 23 48 17
729 23 132 23
876 23 44 23
935 16 76 30
1026 23 50 23
1092 16 23 23
1130 16 72 23
1217 23 50 23
41 62 43 16
99 62 28 17
142 62 70 17
227 63 16 22
258 62 28 17
303 55 85 24
401 57 36 22
453 55 23 23
490 55 58 23
564 55 23 23
602 55 33 23
650 55 128 24
794 55 144 24
954 59 110 20
1080 55 24 23
1119 56 88 23
1223 62 67 17
41 101 33 17
91 94 23 23
129 95 108 23
253 94 36 24
303 101 99 17
417 101 50 23
481 101 16 16
512 94 85 24
614 94 23 23
651 94 106 24
772 102 16 22
803 94 103 30
922 101 32 16
970 94 24 23
1008 95 53 22
1077 94 35 24
1127 101 127 23
40 141 16 22
71 133 103 30
190 140 32 16
238 133 24 23
276 134 53 22
345 133 35 24
395 140 144 23
570 133 51 23
635 140 32 16
682 134 68 23
764 141 16 22
794 134 72 22
882 133 112 24
1009 140 52 16
1076 134 104 23
41 179 48 17
104 179 132 23
251 179 44 23
310 172 76 30
401 179 50 23
467 172 23 23
505 172 72 23
592 179 50 23
657 179 43 16
715 179 28 17
758 179 70 17
843 180 16 22
874 179 28 17
919 172 85 24
1018 179 32 16
1065 172 114 24
1195 172 32 23
42 211 79 30
138 211 23 24
177 218 50 23
242 211 33 23
290 211 95 24
400 211 143 30
559 211 23 23
597 212 158 29
770 211 32 23
818 211 23 23
855 211 58 23
927 218 32 16
974 211 134 24
41 250 168 24
224 250 41 23
280 250 93 30
390 250 23 23
428 250 126 23
568 258 16 22
600 250 23 23
638 251 106 23
760 250 23 23
798 251 110 29
925 250 23 23
963 250 126 23
1103 258 16 22
1135 250 23 23
41 290 106 23
163 289 23 23
201 290 128 29
388 289 51 23
453 296 32 16
500 290 68 23
582 297 16 22
612 290 72 22
700 289 112 24
827 296 52 16
894 290 104 23
1014 296 48 17
1077 296 132 23
41 335 44 23
100 328 76 30
191 335 50 23
257 328 23 23
295 328 72 23
382 335 50 23
447 335 43 16
505 335 28 17
548 335 70 17
633 336 16 22
664 335 28 17
709 328 85 24
809 335 44 23
868 328 76 30
959 335 50 23
1025 328 23 23
1063 328 72 23
1150 335 50 23
1215 335 43 16
1273 335 28 17
40 374 70 17
125 375 16 22
156 374 28 17
201 367 85 24
301 374 60 23
377 374 32 16
425 367 59 24
500 371 53 20
568 369 85 28
668 367 32 23
716 367 23 23
753 367 58 23
826 367 33 23
874 367 87 24
977 371 159 20
1151 374 48 17
41 406 118 24
173 413 103 23
291 406 105 24
411 406 150 24
577 406 23 23
615 406 145 24
775 413 103 23
893 406 105 24
1013 410 80 20
1109 406 32 23
1156 407 113 23
1285 413 48 17
41 445 49 23
104 452 103 23
222 445 105 24
342 449 80 20
438 445 32 23
485 446 113 23
614 452 48 17
678 445 49 23
755 445 51 23
820 452 32 16
867 446 68 23
949 453 16 22
979 446 72 22
1067 445 112 24
1194 452 52 16
41 485 104 23
161 491 48 17
224 491 132 23
371 491 44 23
430 484 76 30
521 491 50 23
587 484 23 23
625 484 72 23
712 491 50 23
777 491 43 16
835 491 28 17
878 491 70 17
963 492 16 22
994 491 28 17
1039 484 85 24
1139 491 50 23
1204 491 43 16
1262 491 28 17
40 530 70 17
125 531 16 22
156 530 28 17
201 523 85 24
315 523 118 24
447 530 32 16
494 524 68 23
576 531 16 22
606 524 72 22
692 525 34 21
742 530 28 17
786 527 78 20
880 530 27 17
922 523 170 30
1109 523 36 24
40 562 110 24
165 562 32 23
213 562 23 23
250 562 58 23
337 562 118 24
469 569 32 16
516 563 155 23
690 562 23 23
728 562 126 23
868 570 16 22
900 562 23 23
938 563 106 23
1058 570 16 22
1089 562 24 23
41 601 114 24
172 601 23 23
210 602 110 29
378 601 118 24
510 608 119 16
646 601 44 23
705 608 50 23
770 601 59 24
845 601 24 23
884 601 94 24
995 601 23 23
1032 601 60 24
1107 609 16 22
1138 601 49 23
41 647 33 17
91 640 23 24
130 641 109 22
268 647 66 17
351 640 49 23
414 647 32 16
462 658 45 5
525 647 44 23
584 640 110 24
709 640 32 23
757 640 23 23
794 640 75 23
900 641 40 23
956 647 27 17
998 647 50 23
1063 647 87 16
1164 647 35 16
40 686 70 17
126 679 49 30
190 686 50 23
255 679 75 23
345 679 162 30
523 679 23 23
561 686 115 23
692 679 23 23
729 679 106 24
852 679 36 24
903 686 96 17
1014 679 32 23
1061 679 63 24
1139 679 118 24
